name: dicoding-env
channels:
  - conda-forge
  - defaults
dependencies:
  - asttokens=3.0.0=pyhd8ed1ab_1
  - backcall=0.2.0=pyh9f0ad1d_0
  - bzip2=1.0.8=h2466b09_7
  - ca-certificates=2025.1.31=h56e8100_0
  - colorama=0.4.6=pyhd8ed1ab_1
  - comm=0.2.2=pyhd8ed1ab_1
  - debugpy=1.8.13=py39ha51f57c_0
  - decorator=5.2.1=pyhd8ed1ab_0
  - executing=2.1.0=pyhd8ed1ab_1
  - importlib-metadata=8.6.1=pyha770c72_0
  - ipykernel=6.29.5=pyh4bbf305_0
  - ipython=8.12.0=pyh08f2357_0
  - jedi=0.19.2=pyhd8ed1ab_1
  - jupyter_client=8.6.3=pyhd8ed1ab_1
  - jupyter_core=5.7.2=py39hcbf5309_0
  - krb5=1.21.3=hdf4eb48_0
  - libffi=3.4.6=h537db12_0
  - liblzma=5.6.4=h2466b09_0
  - libsodium=1.0.20=hc70643c_0
  - libsqlite=3.49.1=h67fdade_2
  - libzlib=1.3.1=h2466b09_2
  - matplotlib-inline=0.1.7=pyhd8ed1ab_1
  - nest-asyncio=1.6.0=pyhd8ed1ab_1
  - openssl=3.4.1=ha4e3fda_0
  - packaging=24.2=pyhd8ed1ab_2
  - parso=0.8.4=pyhd8ed1ab_1
  - pickleshare=0.7.5=pyhd8ed1ab_1004
  - pip=25.0.1=pyh8b19718_0
  - platformdirs=4.3.7=pyh29332c3_0
  - prompt-toolkit=3.0.50=pyha770c72_0
  - prompt_toolkit=3.0.50=hd8ed1ab_0
  - psutil=7.0.0=py39ha55e580_0
  - pure_eval=0.2.3=pyhd8ed1ab_1
  - pygments=2.19.1=pyhd8ed1ab_0
  - python=3.9.21=h37870fc_1_cpython
  - python-dateutil=2.9.0.post0=pyhff2d567_1
  - python_abi=3.9=5_cp39
  - pywin32=307=py39ha51f57c_3
  - pyzmq=26.3.0=py39h03e5c00_0
  - setuptools=75.8.2=pyhff2d567_0
  - six=1.17.0=pyhd8ed1ab_0
  - stack_data=0.6.3=pyhd8ed1ab_1
  - tk=8.6.13=h5226925_1
  - tornado=6.4.2=py39ha55e580_0
  - traitlets=5.14.3=pyhd8ed1ab_1
  - typing_extensions=4.12.2=pyha770c72_1
  - ucrt=10.0.22621.0=h57928b3_1
  - vc=14.3=hbf610ac_25
  - vc14_runtime=14.42.34438=hfd919c2_25
  - wcwidth=0.2.13=pyhd8ed1ab_1
  - wheel=0.45.1=pyhd8ed1ab_1
  - zeromq=4.3.5=ha9f60a1_7
  - zipp=3.21.0=pyhd8ed1ab_1
  - pip:
      - absl-py==2.2.1
      - astunparse==1.6.3
      - certifi==2025.1.31
      - charset-normalizer==3.4.1
      - click==8.1.8
      - contourpy==1.3.0
      - cycler==0.12.1
      - flatbuffers==25.2.10
      - fonttools==4.56.0
      - gast==0.6.0
      - google-pasta==0.2.0
      - google-play-scraper==1.2.7
      - grpcio==1.71.0
      - h5py==3.13.0
      - idna==3.10
      - importlib-resources==6.5.2
      - joblib==1.4.2
      - keras==3.9.1
      - kiwisolver==1.4.7
      - libclang==18.1.1
      - markdown==3.7
      - markdown-it-py==3.0.0
      - markupsafe==3.0.2
      - matplotlib==3.7.1
      - mdurl==0.1.2
      - ml-dtypes==0.4.1
      - namex==0.0.8
      - nltk==3.9.1
      - numpy==1.25.0
      - opt-einsum==3.4.0
      - optree==0.14.1
      - pandas==2.0.2
      - pillow==11.1.0
      - protobuf==4.25.6
      - pyparsing==3.2.3
      - pytz==2025.2
      - regex==2024.11.6
      - requests==2.32.3
      - rich==13.9.4
      - sastrawi==1.0.1
      - scikit-learn==1.3.0
      - scipy==1.13.1
      - seaborn==0.13.2
      - tensorboard==2.17.1
      - tensorboard-data-server==0.7.2
      - tensorflow==2.17.0
      - tensorflow-intel==2.17.0
      - tensorflow-io-gcs-filesystem==0.31.0
      - termcolor==2.5.0
      - threadpoolctl==3.6.0
      - tqdm==4.66.1
      - typing-extensions==4.13.0
      - tzdata==2025.2
      - urllib3==2.3.0
      - werkzeug==3.1.3
      - wordcloud==1.9.3
      - wrapt==1.17.2
prefix: C:\Users\melli\anaconda3\envs\dicoding-env
